-177 -51 0: -48 68 0: -47,758988093609 56,8170475434563 -34,4255808305372: -177,23712833583 -39,9972452175041 33,8708606332089
-48 68 0: 168 -71 0: 167,649999853106 -54,759993184107 49,9932079208526: -47,758988093609 56,8170475434563 -34,4255808305372
-177,23712833583 -39,9972452175041 33,8708606332089: -47,758988093609 56,8170475434563 -34,4255808305372: -47,1280107309839 27,5396979176507 -55,7017598662661: -177,857938378727 -11,1916592270493 54,8042037327427
-47,758988093609 56,8170475434563 -34,4255808305372: 167,649999853106 -54,759993184107 49,9932079208526: 166,733687572469 -12,2431033625692 80,89070962258: -47,1280107309839 27,5396979176507 -55,7017598662661
-177,857938378727 -11,1916592270493 54,8042037327427: -47,1280107309839 27,5396979176507 -55,7017598662661: -46,3480798185158 -8,64909642087306 -55,7017598662661: -178,625301792863 24,4140031888684 54,8042037327427
-47,1280107309839 27,5396979176507 -55,7017598662661: 166,733687572469 -12,2431033625692 80,89070962258: 165,601063304984 40,3106626487204 80,89070962258: -46,3480798185158 -8,64909642087306 -55,7017598662661
-178,625301792863 24,4140031888684 54,8042037327427: -46,3480798185158 -8,64909642087306 -55,7017598662661: -45,7171024558907 -37,9264460466787 -34,4255808305372: -179,246111835761 53,2195891793231 33,8708606332089
-46,3480798185158 -8,64909642087306 -55,7017598662661: 165,601063304984 40,3106626487204 80,89070962258: 164,684751024348 82,8275524702582 49,9932079208526: -45,7171024558907 -37,9264460466787 -34,4255808305372
-179,246111835761 53,2195891793231 33,8708606332089: -45,7171024558907 -37,9264460466787 -34,4255808305372: -45,4760905494997 -49,1093985032224 2,39578018372842E-16: -179,483240171591 64,222343961819 -7,03193810120661E-15
-45,7171024558907 -37,9264460466787 -34,4255808305372: 164,684751024348 82,8275524702582 49,9932079208526: 164,334750877454 99,0675592861512 -1,34564081808181E-15: -45,4760905494997 -49,1093985032224 2,39578018372842E-16
-179,483240171591 64,222343961819 -7,03193810120661E-15: -45,4760905494997 -49,1093985032224 2,39578018372842E-16: -45,7171024558907 -37,9264460466787 34,4255808305372: -179,246111835761 53,2195891793231 -33,8708606332089
-45,4760905494997 -49,1093985032224 2,39578018372842E-16: 164,334750877454 99,0675592861512 -1,34564081808181E-15: 164,684751024348 82,8275524702582 -49,9932079208526: -45,7171024558907 -37,9264460466787 34,4255808305372
-179,246111835761 53,2195891793231 -33,8708606332089: -45,7171024558907 -37,9264460466787 34,4255808305372: -46,3480798185158 -8,64909642087308 55,7017598662661: -178,625301792863 24,4140031888683 -54,8042037327427
-45,7171024558907 -37,9264460466787 34,4255808305372: 164,684751024348 82,8275524702582 -49,9932079208526: 165,601063304984 40,3106626487204 -80,89070962258: -46,3480798185158 -8,64909642087308 55,7017598662661
-178,625301792863 24,4140031888683 -54,8042037327427: -46,3480798185158 -8,64909642087308 55,7017598662661: -47,128010730984 27,5396979176507 55,7017598662661: -177,857938378727 -11,1916592270493 -54,8042037327427
-46,3480798185158 -8,64909642087308 55,7017598662661: 165,601063304984 40,3106626487204 -80,89070962258: 166,733687572469 -12,2431033625692 -80,89070962258: -47,128010730984 27,5396979176507 55,7017598662661
-177,857938378727 -11,1916592270493 -54,8042037327427: -47,128010730984 27,5396979176507 55,7017598662661: -47,7589880936091 56,8170475434563 34,4255808305373: -177,23712833583 -39,9972452175041 -33,8708606332089
-47,128010730984 27,5396979176507 55,7017598662661: 166,733687572469 -12,2431033625692 -80,89070962258: 167,649999853105 -54,759993184107 -49,9932079208526: -47,7589880936091 56,8170475434563 34,4255808305373
-177,23712833583 -39,9972452175041 -33,8708606332089: -47,7589880936091 56,8170475434563 34,4255808305373: -48,0000000000001 68 1,80683647297425E-14: -177 -51 1,23815888097844E-16
-47,7589880936091 56,8170475434563 34,4255808305373: 167,649999853105 -54,759993184107 -49,9932079208526: 168 -71 2,45192321307597E-15: -48,0000000000001 68 1,80683647297425E-14
